  0
  0
  0
  0
  0
  0
  0
  0
  0
  0
  0
  0
  0
  0
  0
  0
  0
  0
  0
  0
  0
  0
  0
  0
  0
  0
  0
  0
  0
  0
  70.2275829
  70.2275829
  70.2275829
  70.2275829
  70.2275829
  70.2275829
  70.2275829
  70.2275829
  70.2275829
  70.2275829
  70.2275829
  70.2275829
  70.2275829
  70.2275829
  70.2275829
  70.2275829
  70.2275829
  70.2275829
  70.2275829
  70.2275829
  70.2275829
  70.2275829
  70.2275829
  70.2275829
  70.2275829
  70.2275829
  70.2275829
  70.2275829
  70.2275829
  70.2275829
  101.8118571
  101.8118571
  101.8118571
  101.8118571
  101.8118571
  101.8118571
  101.8118571
  101.8118571
  101.8118571
  101.8118571
  101.8118571
  101.8118571
  101.8118571
  101.8118571
  101.8118571
  101.8118571
  101.8118571
  101.8118571
  101.8118571
  101.8118571
  101.8118571
  101.8118571
  101.8118571
  101.8118571
  101.8118571
  101.8118571
  101.8118571
  101.8118571
  101.8118571
  101.8118571
  124.9878875
  124.9878875
  124.9878875
  124.9878875
  124.9878875
  124.9878875
  124.9878875
  124.9878875
  124.9878875
  124.9878875
  124.9878875
  124.9878875
  124.9878875
  124.9878875
  124.9878875
  124.9878875
  124.9878875
  124.9878875
  124.9878875
  124.9878875
  124.9878875
  124.9878875
  124.9878875
  124.9878875
  124.9878875
  124.9878875
  124.9878875
  124.9878875
  124.9878875
  124.9878875
  144.6862244
  144.6862244
  144.6862244
  144.6862244
  144.6862244
  144.6862244
  144.6862244
  144.6862244
  144.6862244
  144.6862244
  144.6862244
  144.6862244
  144.6862244
  144.6862244
  144.6862244
  144.6862244
  144.6862244
  144.6862244
  144.6862244
  144.6862244
  144.6862244
  144.6862244
  144.6862244
  144.6862244
  144.6862244
  144.6862244
  144.6862244
  144.6862244
  144.6862244
  144.6862244
  162.6997767
  162.6997767
  162.6997767
  162.6997767
  162.6997767
  162.6997767
  162.6997767
  162.6997767
  162.6997767
  162.6997767
  162.6997767
  162.6997767
  162.6997767
  162.6997767
  162.6997767
  162.6997767
  162.6997767
  162.6997767
  162.6997767
  162.6997767
  162.6997767
  162.6997767
  162.6997767
  162.6997767
  162.6997767
  162.6997767
  162.6997767
  162.6997767
  162.6997767
  162.6997767
  180
  180
  180
  180
  180
  180
  180
  180
  180
  180
  180
  180
  180
  180
  180
  180
  180
  180
  180
  180
  180
  180
  180
  180
  180
  180
  180
  180
  180
  180
  197.3002233
  197.3002233
  197.3002233
  197.3002233
  197.3002233
  197.3002233
  197.3002233
  197.3002233
  197.3002233
  197.3002233
  197.3002233
  197.3002233
  197.3002233
  197.3002233
  197.3002233
  197.3002233
  197.3002233
  197.3002233
  197.3002233
  197.3002233
  197.3002233
  197.3002233
  197.3002233
  197.3002233
  197.3002233
  197.3002233
  197.3002233
  197.3002233
  197.3002233
  197.3002233
  215.3137756
  215.3137756
  215.3137756
  215.3137756
  215.3137756
  215.3137756
  215.3137756
  215.3137756
  215.3137756
  215.3137756
  215.3137756
  215.3137756
  215.3137756
  215.3137756
  215.3137756
  215.3137756
  215.3137756
  215.3137756
  215.3137756
  215.3137756
  215.3137756
  215.3137756
  215.3137756
  215.3137756
  215.3137756
  215.3137756
  215.3137756
  215.3137756
  215.3137756
  215.3137756
  235.0121125
  235.0121125
  235.0121125
  235.0121125
  235.0121125
  235.0121125
  235.0121125
  235.0121125
  235.0121125
  235.0121125
  235.0121125
  235.0121125
  235.0121125
  235.0121125
  235.0121125
  235.0121125
  235.0121125
  235.0121125
  235.0121125
  235.0121125
  235.0121125
  235.0121125
  235.0121125
  235.0121125
  235.0121125
  235.0121125
  235.0121125
  235.0121125
  235.0121125
  235.0121125
  258.1881429
  258.1881429
  258.1881429
  258.1881429
  258.1881429
  258.1881429
  258.1881429
  258.1881429
  258.1881429
  258.1881429
  258.1881429
  258.1881429
  258.1881429
  258.1881429
  258.1881429
  258.1881429
  258.1881429
  258.1881429
  258.1881429
  258.1881429
  258.1881429
  258.1881429
  258.1881429
  258.1881429
  258.1881429
  258.1881429
  258.1881429
  258.1881429
  258.1881429
  258.1881429
  289.7724171
  289.7724171
  289.7724171
  289.7724171
  289.7724171
  289.7724171
  289.7724171
  289.7724171
  289.7724171
  289.7724171
  289.7724171
  289.7724171
  289.7724171
  289.7724171
  289.7724171
  289.7724171
  289.7724171
  289.7724171
  289.7724171
  289.7724171
  289.7724171
  289.7724171
  289.7724171
  289.7724171
  289.7724171
  289.7724171
  289.7724171
  289.7724171
  289.7724171
  289.7724171
  360
 
