  0
  3.918114562
  7.784076776
  11.55249898
  15.18926331
  18.67284803
  21.99306217
  25.14846196
  28.14356655
  30.98649598
  33.68722507
  36.25640787
  38.70464264
  41.04204464
  43.2780217
  45.42117827
  47.47929819
  49.45937414
  51.36766286
  53.20975269
  54.9906351
  56.71477465
  58.38617449
  60.00843558
  61.58480907
  63.11824179
  64.61141532
  66.0667791
  67.48657848
  68.87287834
  70.2275829
  71.55245256
  72.84911809
  74.11909282
  75.36378309
  76.58449735
  77.78245425
  78.95878965
  80.11456311
  81.25076359
  82.36831476
  83.46807982
  84.55086593
  85.61742834
  86.66847422
  87.70466617
  88.72662553
  89.73493541
  90.73014357
  91.71276498
  92.68328433
  93.64215823
  94.58981732
  95.5266682
  96.45309518
  97.36946197
  98.2761131
  99.1733754
  100.0615592
  100.9409595
  101.8118571
  102.6745196
  103.5292021
  104.3761483
  105.215591
  106.0477531
  106.872848
  107.6910801
  108.5026457
  109.3077331
  110.1065234
  110.8991907
  111.6859025
  112.4668201
  113.2420991
  114.0118892
  114.7763352
  115.5355767
  116.2897486
  117.0389813
  117.7834008
  118.523129
  119.2582839
  119.9889799
  120.7153276
  121.4374344
  122.1554042
  122.8693379
  123.5793335
  124.285486
  124.9878875
  125.6866279
  126.3817941
  127.0734709
  127.7617406
  128.4466833
  129.128377
  129.8068974
  130.4823187
  131.1547126
  131.8241494
  132.4906975
  133.1544234
  133.8153923
  134.4736676
  135.1293112
  135.7823837
  136.432944
  137.0810498
  137.7267577
  138.3701226
  139.0111985
  139.6500382
  140.2866933
  140.9212142
  141.5536505
  142.1840506
  142.812462
  143.4389311
  144.0635037
  144.6862244
  145.3071371
  145.9262849
  146.5437101
  147.1594541
  147.7735577
  148.386061
  148.9970033
  149.6064233
  150.2143591
  150.820848
  151.4259271
  152.0296324
  152.6319997
  153.2330641
  153.8328604
  154.4314225
  155.0287843
  155.6249787
  156.2200387
  156.8139965
  157.4068839
  157.9987325
  158.5895733
  159.179437
  159.768354
  160.3563542
  160.9434675
  161.529723
  162.1151498
  162.6997767
  163.2836321
  163.8667442
  164.4491409
  165.0308499
  165.6118985
  166.1923141
  166.7721235
  167.3513536
  167.9300309
  168.5081817
  169.0858324
  169.6630088
  170.239737
  170.8160426
  171.3919511
  171.9674881
  172.5426789
  173.1175486
  173.6921224
  174.2664253
  174.8404822
  175.4143178
  175.9879571
  176.5614246
  177.134745
  177.7079429
  178.2810428
  178.8540693
  179.4270469
  180
  180.5729531
  181.1459307
  181.7189572
  182.2920571
  182.865255
  183.4385754
  184.0120429
  184.5856822
  185.1595178
  185.7335747
  186.3078776
  186.8824514
  187.4573211
  188.0325119
  188.6080489
  189.1839574
  189.760263
  190.3369912
  190.9141676
  191.4918183
  192.0699691
  192.6486464
  193.2278765
  193.8076859
  194.3881015
  194.9691501
  195.5508591
  196.1332558
  196.7163679
  197.3002233
  197.8848502
  198.470277
  199.0565325
  199.6436458
  200.231646
  200.820563
  201.4104267
  202.0012675
  202.5931161
  203.1860035
  203.7799613
  204.3750213
  204.9712157
  205.5685775
  206.1671396
  206.7669359
  207.3680003
  207.9703676
  208.5740729
  209.179152
  209.7856409
  210.3935767
  211.0029967
  211.613939
  212.2264423
  212.8405459
  213.4562899
  214.0737151
  214.6928629
  215.3137756
  215.9364963
  216.5610689
  217.187538
  217.8159494
  218.4463495
  219.0787858
  219.7133067
  220.3499618
  220.9888015
  221.6298774
  222.2732423
  222.9189502
  223.567056
  224.2176163
  224.8706888
  225.5263324
  226.1846077
  226.8455766
  227.5093025
  228.1758506
  228.8452874
  229.5176813
  230.1931026
  230.871623
  231.5533167
  232.2382594
  232.9265291
  233.6182059
  234.3133721
  235.0121125
  235.714514
  236.4206665
  237.1306621
  237.8445958
  238.5625656
  239.2846724
  240.0110201
  240.7417161
  241.476871
  242.2165992
  242.9610187
  243.7102514
  244.4644233
  245.2236648
  245.9881108
  246.7579009
  247.5331799
  248.3140975
  249.1008093
  249.8934766
  250.6922669
  251.4973543
  252.3089199
  253.127152
  253.9522469
  254.784409
  255.6238517
  256.4707979
  257.3254804
  258.1881429
  259.0590405
  259.9384408
  260.8266246
  261.7238869
  262.630538
  263.5469048
  264.4733318
  265.4101827
  266.3578418
  267.3167157
  268.287235
  269.2698564
  270.2650646
  271.2733745
  272.2953338
  273.3315258
  274.3825717
  275.4491341
  276.5319202
  277.6316852
  278.7492364
  279.8854369
  281.0412104
  282.2175458
  283.4155026
  284.6362169
  285.8809072
  287.1508819
  288.4475474
  289.7724171
  291.1271217
  292.5134215
  293.9332209
  295.3885847
  296.8817582
  298.4151909
  299.9915644
  301.6138255
  303.2852253
  305.0093649
  306.7902473
  308.6323371
  310.5406259
  312.5207018
  314.5788217
  316.7219783
  318.9579554
  321.2953574
  323.7435921
  326.3127749
  329.013504
  331.8564335
  334.851538
  338.0069378
  341.327152
  344.8107367
  348.447501
  352.2159232
  356.0818854
  360
 
